name: Ps
channels:
  - defaults
dependencies:
  - _libgcc_mutex=0.1=main
  - _tflow_select=1.1.0=gpu
  - absl-py=0.8.0=py36_0
  - astor=0.8.0=py36_0
  - blas=1.0=mkl
  - bleach=1.5.0=py36_0
  - c-ares=1.15.0=h7b6447c_1001
  - ca-certificates=2019.8.28=0
  - certifi=2019.9.11=py36_0
  - cudatoolkit=9.0=h13b8566_0
  - cudnn=7.6.0=cuda9.0_0
  - cupti=9.0.176=0
  - gast=0.3.2=py_0
  - grpcio=1.16.1=py36hf8bcb03_1
  - html5lib=0.9999999=py36_0
  - intel-openmp=2019.4=243
  - libedit=3.1.20181209=hc058e9b_0
  - libffi=3.2.1=hd88cf55_4
  - libgcc-ng=9.1.0=hdf63c60_0
  - libgfortran-ng=7.3.0=hdf63c60_0
  - libprotobuf=3.9.2=hd408876_0
  - libstdcxx-ng=9.1.0=hdf63c60_0
  - markdown=3.1.1=py36_0
  - mkl=2019.4=243
  - mkl-service=2.3.0=py36he904b0f_0
  - mkl_fft=1.0.14=py36ha843d7b_0
  - mkl_random=1.1.0=py36hd6b4f25_0
  - ncurses=6.1=he6710b0_1
  - numpy=1.17.2=py36haad9e8e_0
  - numpy-base=1.17.2=py36hde5b4d6_0
  - openssl=1.1.1d=h7b6447c_2
  - pip=19.2.3=py36_0
  - protobuf=3.9.2=py36he6710b0_0
  - python=3.6.9=h265db76_0
  - readline=7.0=h7b6447c_5
  - setuptools=41.4.0=py36_0
  - sqlite=3.30.0=h7b6447c_0
  - tensorboard=1.8.0=py36hf484d3e_0
  - tensorflow=1.8.0=hb11d968_0
  - tensorflow-base=1.8.0=py36hc1a7637_0
  - tensorflow-gpu=1.8.0=h7b35bdc_0
  - termcolor=1.1.0=py36_1
  - tk=8.6.8=hbc83047_0
  - werkzeug=0.16.0=py_0
  - wheel=0.33.6=py36_0
  - xz=5.2.4=h14c3975_4
  - zlib=1.2.11=h7b6447c_3
  - pip:
    - astroid==2.3.1
    - isort==4.3.21
    - lazy-object-proxy==1.4.2
    - mccabe==0.6.1
    - pylint==2.4.2
    - six==1.12.0
    - typed-ast==1.4.0
    - wrapt==1.11.1
prefix: /home/duxiaowey/miniconda3/envs/Ps
